PET BREED CLASSIFICATION REPORT
==================================================

              precision    recall  f1-score   support

           0      0.846     0.971     0.904        34
           1      1.000     0.676     0.807        34
           2      0.914     0.941     0.928        34
           3      0.935     0.853     0.892        34
           4      0.842     0.941     0.889        34
           5      1.000     0.966     0.982        29
           6      0.879     0.853     0.866        34
           7      0.943     0.971     0.957        34
           8      0.941     0.941     0.941        34
           9      0.763     0.853     0.806        34
          10      1.000     0.971     0.985        34
          11      0.941     0.941     0.941        34
          12      1.000     0.941     0.970        34
          13      0.861     0.912     0.886        34
          14      1.000     0.941     0.970        34
          15      1.000     1.000     1.000        34
          16      0.970     0.941     0.955        34
          17      0.882     0.882     0.882        34
          18      0.912     0.912     0.912        34
          19      0.971     0.971     0.971        34
          20      0.872     1.000     0.932        34
          21      0.971     1.000     0.986        34
          22      0.939     0.912     0.925        34

    accuracy                          0.925       777
   macro avg      0.930     0.926     0.925       777
weighted avg      0.929     0.925     0.925       777
